0.3 0.337264386972 0.947775304317
0.337264386972 0.37549669625 0.943584024906
0.37549669625 0.414748554299 0.998373091221
0.414748554299 0.455075831456 0.976726412773
0.455075831456 0.496539120209 0.984924614429
0.496539120209 0.53920428282 0.989356815815
0.53920428282 0.583143080703 0.975902915001
0.583143080703 0.628433900662 0.995522856712
0.628433900662 0.675162596446 0.977228522301
0.675162596446 0.72342346832 0.996320903301
0.72342346832 0.773320408723 0.985953807831
0.773320408723 0.824968249017 0.975316405296
0.824968249017 0.878494351211 0.987718701363
0.878494351211 0.934040500166 0.970635175705
0.934040500166 0.991765167029 0.960521996021
0.991765167029 1.05184623487 0.985590159893
1.05184623487 1.11448430465 0.966841816902
1.11448430465 1.17990673635 0.95521235466
1.17990673635 1.24837263066 0.95641297102
1.24837263066 1.32017902684 0.962124943733
1.32017902684 1.39566869131 0.968469560146
1.39566869131 1.47524001355 0.952425718307
1.47524001355 1.55935973292 0.944203674793
1.55935973292 1.64857952745 0.941644310951
1.64857952745 1.74355796227 0.95241600275
1.74355796227 1.84509002002 0.940492928028
1.84509002002 1.95414759126 0.935641169548
1.95414759126 2.07193619997 0.963136136532
2.07193619997 2.19997646239 0.951893389225
2.19997646239 2.34022446712 0.96628934145
2.34022446712 2.49525577287 0.964583158493
2.49525577287 2.6685581881 0.946084499359
2.6685581881 2.86502098649 0.952787637711
2.86502098649 3.09180358141 0.966755270958
3.09180358141 3.36000284338 0.945761799812
3.36000284338 3.68820308685 0.965678215027
3.68820308685 4.11122609838 0.962158977985
4.11122609838 4.70718114264 0.94966596365
4.70718114264 5.724828229 0.976420938969
5.724828229 14.0 0.985955536366
