0.3 0.337264386972 0.937478125095
0.337264386972 0.37549669625 0.961530745029
0.37549669625 0.414748554299 0.971466958523
0.414748554299 0.455075831456 0.992898344994
0.455075831456 0.496539120209 0.976539433002
0.496539120209 0.53920428282 0.975836277008
0.53920428282 0.583143080703 0.980998516083
0.583143080703 0.628433900662 0.977683126926
0.628433900662 0.675162596446 0.99373114109
0.675162596446 0.72342346832 0.977258384228
0.72342346832 0.773320408723 0.981534719467
0.773320408723 0.824968249017 0.980868220329
0.824968249017 0.878494351211 0.990723609924
0.878494351211 0.934040500166 0.984188199043
0.934040500166 0.991765167029 0.993264138699
0.991765167029 1.05184623487 0.986189723015
1.05184623487 1.11448430465 0.978621602058
1.11448430465 1.17990673635 0.98480463028
1.17990673635 1.24837263066 0.975274920464
1.24837263066 1.32017902684 0.969526410103
1.32017902684 1.39566869131 0.957147300243
1.39566869131 1.47524001355 0.983526885509
1.47524001355 1.55935973292 0.978255748749
1.55935973292 1.64857952745 0.978496789932
1.64857952745 1.74355796227 0.974328279495
1.74355796227 1.84509002002 0.986566841602
1.84509002002 1.95414759126 0.987117052078
1.95414759126 2.07193619997 0.982753157616
2.07193619997 2.19997646239 0.966239333153
2.19997646239 2.34022446712 0.982023537159
2.34022446712 2.49525577287 0.977456986904
2.49525577287 2.6685581881 0.978988468647
2.6685581881 2.86502098649 0.977249741554
2.86502098649 3.09180358141 0.983859181404
3.09180358141 3.36000284338 0.963758945465
3.36000284338 3.68820308685 0.984778404236
3.68820308685 4.11122609838 0.980319261551
4.11122609838 4.70718114264 0.977489650249
4.70718114264 5.724828229 0.968267321587
5.724828229 14.0 0.961860954762
