0.3 0.337264386972 0.950855672359
0.337264386972 0.37549669625 0.929229557514
0.37549669625 0.414748554299 0.995645821095
0.414748554299 0.455075831456 0.973952114582
0.455075831456 0.496539120209 0.991143941879
0.496539120209 0.53920428282 0.992629230022
0.53920428282 0.583143080703 0.978511810303
0.583143080703 0.628433900662 0.989134430885
0.628433900662 0.675162596446 0.985127806664
0.675162596446 0.72342346832 1.0
0.72342346832 0.773320408723 0.994678914547
0.773320408723 0.824968249017 0.961700439453
0.824968249017 0.878494351211 0.999632954597
0.878494351211 0.934040500166 0.965935528278
0.934040500166 0.991765167029 0.963718235493
0.991765167029 1.05184623487 0.980338990688
1.05184623487 1.11448430465 0.980710744858
1.11448430465 1.17990673635 0.978599667549
1.17990673635 1.24837263066 0.974179565907
1.24837263066 1.32017902684 0.965536296368
1.32017902684 1.39566869131 0.976562976837
1.39566869131 1.47524001355 0.941122531891
1.47524001355 1.55935973292 0.958887636662
1.55935973292 1.64857952745 0.958118081093
1.64857952745 1.74355796227 0.963845789433
1.74355796227 1.84509002002 0.936264455318
1.84509002002 1.95414759126 0.92863547802
1.95414759126 2.07193619997 0.962166130543
2.07193619997 2.19997646239 0.96262294054
2.19997646239 2.34022446712 0.967522442341
2.34022446712 2.49525577287 0.971724152565
2.49525577287 2.6685581881 0.951890289783
2.6685581881 2.86502098649 0.957918405533
2.86502098649 3.09180358141 0.977145373821
3.09180358141 3.36000284338 0.970631062984
3.36000284338 3.68820308685 0.980772972107
3.68820308685 4.11122609838 0.974635541439
4.11122609838 4.70718114264 0.970537006855
4.70718114264 5.724828229 0.991563081741
5.724828229 14.0 0.98899769783
