0.3 0.337264386972 0.937478065491
0.337264386972 0.37549669625 0.961530566216
0.37549669625 0.414748554299 0.971460461617
0.414748554299 0.455075831456 0.992898106575
0.455075831456 0.496539120209 0.976539313793
0.496539120209 0.53920428282 0.975836455822
0.53920428282 0.583143080703 0.981001853943
0.583143080703 0.628433900662 0.977679431438
0.628433900662 0.675162596446 0.993730068207
0.675162596446 0.72342346832 0.977258861065
0.72342346832 0.773320408723 0.981534957886
0.773320408723 0.824968249017 0.980868220329
0.824968249017 0.878494351211 0.990724742413
0.878494351211 0.934040500166 0.984189987183
0.934040500166 0.991765167029 0.993264198303
0.991765167029 1.05184623487 0.986189723015
1.05184623487 1.11448430465 0.978623628616
1.11448430465 1.17990673635 0.984804570675
1.17990673635 1.24837263066 0.975276827812
1.24837263066 1.32017902684 0.969525754452
1.32017902684 1.39566869131 0.957143306732
1.39566869131 1.47524001355 0.983526885509
1.47524001355 1.55935973292 0.978255867958
1.55935973292 1.64857952745 0.9784963727
1.64857952745 1.74355796227 0.974327921867
1.74355796227 1.84509002002 0.986567616463
1.84509002002 1.95414759126 0.987117052078
1.95414759126 2.07193619997 0.98275488615
2.07193619997 2.19997646239 0.966240048409
2.19997646239 2.34022446712 0.98202341795
2.34022446712 2.49525577287 0.977456986904
2.49525577287 2.6685581881 0.978988409042
2.6685581881 2.86502098649 0.977249801159
2.86502098649 3.09180358141 0.983859062195
3.09180358141 3.36000284338 0.963759243488
3.36000284338 3.68820308685 0.984778344631
3.68820308685 4.11122609838 0.980318963528
4.11122609838 4.70718114264 0.977489650249
4.70718114264 5.724828229 0.968267560005
5.724828229 14.0 0.961861491203
