0.3 0.337264386972 0.173037737608
0.337264386972 0.37549669625 0.154221624136
0.37549669625 0.414748554299 0.229356229305
0.414748554299 0.455075831456 0.157839953899
0.455075831456 0.496539120209 0.245846614242
0.496539120209 0.53920428282 0.256204128265
0.53920428282 0.583143080703 0.282051384449
0.583143080703 0.628433900662 0.275026649237
0.628433900662 0.675162596446 0.273481667042
0.675162596446 0.72342346832 0.334220051765
0.72342346832 0.773320408723 0.295109540224
0.773320408723 0.824968249017 0.35826832056
0.824968249017 0.878494351211 0.298124194145
0.878494351211 0.934040500166 0.344138592482
0.934040500166 0.991765167029 0.372027516365
0.991765167029 1.05184623487 0.388981074095
1.05184623487 1.11448430465 0.446441054344
1.11448430465 1.17990673635 0.338191062212
1.17990673635 1.24837263066 0.331549227238
1.24837263066 1.32017902684 0.467099875212
1.32017902684 1.39566869131 0.382508844137
1.39566869131 1.47524001355 0.309237539768
1.47524001355 1.55935973292 0.36721777916
1.55935973292 1.64857952745 0.354018032551
1.64857952745 1.74355796227 0.410875797272
1.74355796227 1.84509002002 0.384121894836
1.84509002002 1.95414759126 0.441241592169
1.95414759126 2.07193619997 0.367750018835
2.07193619997 2.19997646239 0.418374300003
2.19997646239 2.34022446712 0.393352091312
2.34022446712 2.49525577287 0.332317858934
2.49525577287 2.6685581881 0.368519574404
2.6685581881 2.86502098649 0.479921936989
2.86502098649 3.09180358141 0.413255989552
3.09180358141 3.36000284338 0.490322232246
3.36000284338 3.68820308685 0.450738668442
3.68820308685 4.11122609838 0.436324626207
4.11122609838 4.70718114264 0.377971529961
4.70718114264 5.724828229 0.402824223042
5.724828229 14.0 0.461583852768
