0.3 0.337264386972 0.200305134058
0.337264386972 0.37549669625 0.230256080627
0.37549669625 0.414748554299 0.240687444806
0.414748554299 0.455075831456 0.288784950972
0.455075831456 0.496539120209 0.263598948717
0.496539120209 0.53920428282 0.367850810289
0.53920428282 0.583143080703 0.36222577095
0.583143080703 0.628433900662 0.440307497978
0.628433900662 0.675162596446 0.406334519386
0.675162596446 0.72342346832 0.448289364576
0.72342346832 0.773320408723 0.421891778708
0.773320408723 0.824968249017 0.551644980907
0.824968249017 0.878494351211 0.478911012411
0.878494351211 0.934040500166 0.469617366791
0.934040500166 0.991765167029 0.61816906929
0.991765167029 1.05184623487 0.473325043917
1.05184623487 1.11448430465 0.496003776789
1.11448430465 1.17990673635 0.516372203827
1.17990673635 1.24837263066 0.554806232452
1.24837263066 1.32017902684 0.516676664352
1.32017902684 1.39566869131 0.533689916134
1.39566869131 1.47524001355 0.4792278409
1.47524001355 1.55935973292 0.575142920017
1.55935973292 1.64857952745 0.613203704357
1.64857952745 1.74355796227 0.542359411716
1.74355796227 1.84509002002 0.553472340107
1.84509002002 1.95414759126 0.519383609295
1.95414759126 2.07193619997 0.516333580017
2.07193619997 2.19997646239 0.573337376118
2.19997646239 2.34022446712 0.59356456995
2.34022446712 2.49525577287 0.629456460476
2.49525577287 2.6685581881 0.576147794724
2.6685581881 2.86502098649 0.619623720646
2.86502098649 3.09180358141 0.663457512856
3.09180358141 3.36000284338 0.675717294216
3.36000284338 3.68820308685 0.603602647781
3.68820308685 4.11122609838 0.606004536152
4.11122609838 4.70718114264 0.582402348518
4.70718114264 5.724828229 0.685720086098
5.724828229 14.0 0.686093628407
