0.3 0.336075 0.919688
0.336075 0.373088 0.932077
0.373088 0.411087 0.919705
0.411087 0.450128 0.943
0.450128 0.490269 0.927744
0.490269 0.531573 0.980509
0.531573 0.57411 1
0.57411 0.617956 0.929465
0.617956 0.663194 0.947106
0.663194 0.709915 0.977786
0.709915 0.758221 0.993195
0.758221 0.808221 0.987257
0.808221 0.86004 0.960462
0.86004 0.913814 0.965849
0.913814 0.969698 0.945241
0.969698 1.02786 0.979224
1.02786 1.0885 0.97343
1.0885 1.15184 0.965037
1.15184 1.21812 0.939954
1.21812 1.28764 0.949245
1.28764 1.36072 0.944879
1.36072 1.43776 0.896348
1.43776 1.5192 0.940225
1.5192 1.60557 0.95596
1.60557 1.69752 0.962782
1.69752 1.79582 0.935499
1.79582 1.9014 0.927702
1.9014 2.01544 0.96518
2.01544 2.1394 0.916786
2.1394 2.27518 0.949278
2.27518 2.42528 0.960731
2.42528 2.59307 0.965401
2.59307 2.78328 0.942511
2.78328 3.00286 0.94352
3.00286 3.26254 0.961072
3.26254 3.58033 0.965397
3.58033 3.98996 0.95165
3.98996 4.56711 0.971022
4.56711 5.55295 0.988433
5.55295 14 0.941549