0.3 0.336075 0.287958
0.336075 0.373088 0.433283
0.373088 0.411087 0.350241
0.411087 0.450128 0.493498
0.450128 0.490269 0.540516
0.490269 0.531573 0.559767
0.531573 0.57411 0.612532
0.57411 0.617956 0.535437
0.617956 0.663194 0.565488
0.663194 0.709915 0.673616
0.709915 0.758221 0.576453
0.758221 0.808221 0.816695
0.808221 0.86004 0.723776
0.86004 0.913814 0.577036
0.913814 0.969698 0.90548
0.969698 1.02786 0.744949
1.02786 1.0885 0.884798
1.0885 1.15184 0.776724
1.15184 1.21812 0.677116
1.21812 1.28764 0.830217
1.28764 1.36072 0.763291
1.36072 1.43776 0.738058
1.43776 1.5192 0.72892
1.5192 1.60557 0.720912
1.60557 1.69752 0.870356
1.69752 1.79582 0.887877
1.79582 1.9014 0.971596
1.9014 2.01544 0.820361
2.01544 2.1394 0.851624
2.1394 2.27518 0.675088
2.27518 2.42528 0.835549
2.42528 2.59307 0.809961
2.59307 2.78328 0.954934
2.78328 3.00286 0.827082
3.00286 3.26254 0.96663
3.26254 3.58033 1
3.58033 3.98996 0.91031
3.98996 4.56711 0.917022
4.56711 5.55295 0.972733
5.55295 14 0.833973