0.3 0.336075 0.96317
0.336075 0.373088 0.964109
0.373088 0.411087 0.957764
0.411087 0.450128 0.984819
0.450128 0.490269 0.978824
0.490269 0.531573 0.994869
0.531573 0.57411 1
0.57411 0.617956 0.987823
0.617956 0.663194 0.976108
0.663194 0.709915 0.985584
0.709915 0.758221 0.996989
0.758221 0.808221 0.982519
0.808221 0.86004 0.988558
0.86004 0.913814 0.963712
0.913814 0.969698 0.973534
0.969698 1.02786 0.977059
1.02786 1.0885 0.985809
1.0885 1.15184 0.978502
1.15184 1.21812 0.970432
1.21812 1.28764 0.973506
1.28764 1.36072 0.94976
1.36072 1.43776 0.9459
1.43776 1.5192 0.95066
1.5192 1.60557 0.961531
1.60557 1.69752 0.959145
1.69752 1.79582 0.945769
1.79582 1.9014 0.957208
1.9014 2.01544 0.958972
2.01544 2.1394 0.93702
2.1394 2.27518 0.955897
2.27518 2.42528 0.971845
2.42528 2.59307 0.96879
2.59307 2.78328 0.939768
2.78328 3.00286 0.969275
3.00286 3.26254 0.962073
3.26254 3.58033 0.956562
3.58033 3.98996 0.964304
3.98996 4.56711 0.962155
4.56711 5.55295 0.987115
5.55295 14 0.984566