0.3 0.336075 0.33688
0.336075 0.373088 0.405515
0.373088 0.411087 0.380003
0.411087 0.450128 0.46792
0.450128 0.490269 0.546168
0.490269 0.531573 0.561113
0.531573 0.57411 0.640142
0.57411 0.617956 0.552406
0.617956 0.663194 0.565779
0.663194 0.709915 0.698197
0.709915 0.758221 0.578844
0.758221 0.808221 0.844291
0.808221 0.86004 0.760322
0.86004 0.913814 0.648428
0.913814 0.969698 0.827507
0.969698 1.02786 0.806986
1.02786 1.0885 0.940768
1.0885 1.15184 0.781103
1.15184 1.21812 0.663843
1.21812 1.28764 0.841557
1.28764 1.36072 0.790047
1.36072 1.43776 0.724825
1.43776 1.5192 0.708577
1.5192 1.60557 0.785387
1.60557 1.69752 0.870646
1.69752 1.79582 0.847146
1.79582 1.9014 0.957302
1.9014 2.01544 0.857392
2.01544 2.1394 0.817781
2.1394 2.27518 0.706511
2.27518 2.42528 0.867225
2.42528 2.59307 0.747714
2.59307 2.78328 0.980339
2.78328 3.00286 0.825687
3.00286 3.26254 1
3.26254 3.58033 0.980907
3.58033 3.98996 0.944127
3.98996 4.56711 0.88762
4.56711 5.55295 0.99889
5.55295 14 0.923266