0.3 0.336075 0.899093
0.336075 0.373088 0.940891
0.373088 0.411087 0.910875
0.411087 0.450128 0.929406
0.450128 0.490269 0.92725
0.490269 0.531573 0.961863
0.531573 0.57411 0.997804
0.57411 0.617956 0.878656
0.617956 0.663194 0.944146
0.663194 0.709915 0.96325
0.709915 0.758221 1
0.758221 0.808221 0.986656
0.808221 0.86004 0.957452
0.86004 0.913814 0.951379
0.913814 0.969698 0.933104
0.969698 1.02786 0.980013
1.02786 1.0885 0.956835
1.0885 1.15184 0.94864
1.15184 1.21812 0.923866
1.21812 1.28764 0.948116
1.28764 1.36072 0.936859
1.36072 1.43776 0.875813
1.43776 1.5192 0.904004
1.5192 1.60557 0.954793
1.60557 1.69752 0.951964
1.69752 1.79582 0.920335
1.79582 1.9014 0.907335
1.9014 2.01544 0.963889
2.01544 2.1394 0.882446
2.1394 2.27518 0.948093
2.27518 2.42528 0.956347
2.42528 2.59307 0.935731
2.59307 2.78328 0.912231
2.78328 3.00286 0.95393
3.00286 3.26254 0.932748
3.26254 3.58033 0.962688
3.58033 3.98996 0.935839
3.98996 4.56711 0.96854
4.56711 5.55295 0.989375
5.55295 14 0.915265