0.3 0.336075 0.373007
0.336075 0.373088 0.436138
0.373088 0.411087 0.382674
0.411087 0.450128 0.46967
0.450128 0.490269 0.566248
0.490269 0.531573 0.57544
0.531573 0.57411 0.665056
0.57411 0.617956 0.592909
0.617956 0.663194 0.610876
0.663194 0.709915 0.700432
0.709915 0.758221 0.568093
0.758221 0.808221 0.836154
0.808221 0.86004 0.73924
0.86004 0.913814 0.654974
0.913814 0.969698 0.789111
0.969698 1.02786 0.832332
1.02786 1.0885 0.941444
1.0885 1.15184 0.813281
1.15184 1.21812 0.675679
1.21812 1.28764 0.854043
1.28764 1.36072 0.821157
1.36072 1.43776 0.760679
1.43776 1.5192 0.743419
1.5192 1.60557 0.749675
1.60557 1.69752 0.858627
1.69752 1.79582 0.822584
1.79582 1.9014 0.9722
1.9014 2.01544 0.867706
2.01544 2.1394 0.828193
2.1394 2.27518 0.746274
2.27518 2.42528 0.855049
2.42528 2.59307 0.793574
2.59307 2.78328 0.9864
2.78328 3.00286 0.835881
3.00286 3.26254 0.999819
3.26254 3.58033 0.969883
3.58033 3.98996 0.972281
3.98996 4.56711 0.898037
4.56711 5.55295 1
5.55295 14 0.92056