0.3 0.336075 0.934997
0.336075 0.373088 0.960074
0.373088 0.411087 0.946039
0.411087 0.450128 0.975176
0.450128 0.490269 0.954609
0.490269 0.531573 1
0.531573 0.57411 0.999638
0.57411 0.617956 0.959953
0.617956 0.663194 0.985249
0.663194 0.709915 0.988001
0.709915 0.758221 0.999756
0.758221 0.808221 0.985596
0.808221 0.86004 0.98878
0.86004 0.913814 0.975831
0.913814 0.969698 0.958428
0.969698 1.02786 0.989183
1.02786 1.0885 0.985094
1.0885 1.15184 0.987885
1.15184 1.21812 0.992623
1.21812 1.28764 0.983207
1.28764 1.36072 0.960038
1.36072 1.43776 0.940366
1.43776 1.5192 0.953987
1.5192 1.60557 0.960133
1.60557 1.69752 0.963099
1.69752 1.79582 0.935321
1.79582 1.9014 0.929734
1.9014 2.01544 0.974352
2.01544 2.1394 0.917774
2.1394 2.27518 0.969579
2.27518 2.42528 0.971706
2.42528 2.59307 0.969338
2.59307 2.78328 0.949082
2.78328 3.00286 0.972918
3.00286 3.26254 0.965623
3.26254 3.58033 0.984266
3.58033 3.98996 0.976854
3.98996 4.56711 0.97024
4.56711 5.55295 0.992
5.55295 14 0.975254