0.3 0.336075 0.942416
0.336075 0.373088 0.949972
0.373088 0.411087 0.941285
0.411087 0.450128 0.973884
0.450128 0.490269 0.950466
0.490269 0.531573 0.996831
0.531573 0.57411 0.986582
0.57411 0.617956 0.97955
0.617956 0.663194 0.981425
0.663194 0.709915 0.983082
0.709915 0.758221 1
0.758221 0.808221 0.972907
0.808221 0.86004 0.986031
0.86004 0.913814 0.982236
0.913814 0.969698 0.971738
0.969698 1.02786 0.98312
1.02786 1.0885 0.979856
1.0885 1.15184 0.987773
1.15184 1.21812 0.980029
1.21812 1.28764 0.978973
1.28764 1.36072 0.961174
1.36072 1.43776 0.93904
1.43776 1.5192 0.958522
1.5192 1.60557 0.96966
1.60557 1.69752 0.962136
1.69752 1.79582 0.951784
1.79582 1.9014 0.944602
1.9014 2.01544 0.97436
2.01544 2.1394 0.934622
2.1394 2.27518 0.959924
2.27518 2.42528 0.966533
2.42528 2.59307 0.973662
2.59307 2.78328 0.952404
2.78328 3.00286 0.974606
3.00286 3.26254 0.971958
3.26254 3.58033 0.979597
3.58033 3.98996 0.974745
3.98996 4.56711 0.97218
4.56711 5.55295 0.990936
5.55295 14 0.98746