0.3 0.341537 0.942425
0.341537 0.384152 0.973191
0.384152 0.427903 0.983709
0.427903 0.472853 0.992311
0.472853 0.51907 0.9939
0.51907 0.566625 0.994388
0.566625 0.6156 0.999191
0.6156 0.666081 1
0.666081 0.718165 0.996467
0.718165 0.771957 0.993696
0.771957 0.827571 0.996769
0.827571 0.885137 0.994534
0.885137 0.944796 0.989833
0.944796 1.00671 0.98504
1.00671 1.07104 0.990126
1.07104 1.13801 0.983988
1.13801 1.20782 0.989046
1.20782 1.28073 0.985
1.28073 1.35704 0.983847
1.35704 1.43707 0.980303
1.43707 1.5212 0.97884
1.5212 1.60988 0.98785
1.60988 1.70362 0.98392
1.70362 1.80305 0.988758
1.80305 1.90889 0.984636
1.90889 2.02204 0.977106
2.02204 2.14356 0.984423
2.14356 2.27481 0.982702
2.27481 2.41748 0.988238
2.41748 2.57374 0.986009
2.57374 2.74647 0.982781
2.74647 2.93953 0.986927
2.93953 3.15838 0.991915
3.15838 3.41097 0.991981
3.41097 3.70965 0.988901
3.70965 4.07505 0.992792
4.07505 4.54584 0.993213
4.54584 5.20863 0.993927
5.20863 6.33837 0.988801
6.33837 14 0.993019