0.2 12 0.0270082
0.230512 12 0.0123346
0.261531 0.293158 0.103559
0.293158 12 0.0755888
0.325709 0.359003 0.0741437
0.359003 12 0.0644239
0.392937 12 0.0355367
0.427451 0.462989 0.0754563
0.462989 12 0.075157
0.499497 12 0.0493357
0.536764 12 0.0436824
0.574952 0.614438 0.0709854
0.614438 12 0.00598633
0.654811 0.696371 0.0965672
0.696371 12 0.0211126
0.738647 0.827698 0.0918412
0.782489 0.827698 0.0586705
0.827698 12 0.065249
0.874177 0.922341 0.232732
0.922341 12 0.136762
0.971909 1.13149 0.0294508
1.02337 1.13149 0.0512078
1.07647 1.13149 0.0113797
1.13149 12 0.0172505
1.18865 1.2481 0.106905
1.2481 12 0.0318141
1.30966 1.37412 0.218218
1.37412 12 0.0270238
1.44159 1.92298 0.1073
1.51143 1.74504 0.0122747
1.58531 1.74504 0.0102213
1.66263 1.74504 0.0784717
1.74504 1.92298 0.00784275
1.83134 1.92298 0.0837554
1.92298 6.12345 0.0484247
2.02103 2.12618 0.168484
2.12618 2.23879 0.122504
2.23879 2.97572 0.0949727
2.36026 2.49244 0.00436089
2.49244 2.97572 0.00328452
2.63676 2.97572 0.0442819
2.79636 2.97572 0.0867993
2.97572 6.12345 0.0683962
3.17859 3.41271 0.136452
3.41271 4.46635 0.094145
3.68974 4.46635 0.0213835
4.02827 4.46635 0.0793847
4.46635 6.12345 0.0141245
5.08122 6.12345 0.0157204
6.12345 12 0.0222046