0.2 12 0.0303059
0.230512 12 0.000569269
0.261531 12 0.0589568
0.293158 12 0.0175441
0.325709 12 0.0874843
0.359003 12 0.0231607
0.392937 12 0.0154673
0.427451 0.462989 0.0888235
0.462989 12 0.0859015
0.499497 12 0.0430331
0.536764 12 0.032803
0.574952 12 0.00883074
0.614438 12 0.0038954
0.654811 0.696371 0.110056
0.696371 12 0.054098
0.738647 12 0.0245627
0.782489 12 0.0583163
0.827698 12 0.00873394
0.874177 0.922341 0.0591647
0.922341 12 0.0545729
0.971909 1.02337 0.0890707
1.02337 12 0.0424999
1.07647 1.13149 0.0874064
1.13149 1.2481 0.0562255
1.18865 1.2481 0.0121188
1.2481 12 0.0340264
1.30966 1.37412 0.14578
1.37412 12 0.0827078
1.44159 12 0.0302491
1.51143 1.83134 0.0271611
1.58531 1.66263 0.0657475
1.66263 1.83134 0.014849
1.74504 1.83134 0.136658
1.83134 12 0.0100002
1.92298 12 0.0141486
2.02103 2.23879 0.0830271
2.12618 2.23879 0.0534181
2.23879 12 0.0116063
2.36026 2.49244 0.0795344
2.49244 6.12345 0.0293383
2.63676 2.79636 0.0791004
2.79636 2.97572 0.0535306
2.97572 4.46635 0.0511124
3.17859 4.02827 0.0383969
3.41271 4.02827 0.0184344
3.68974 4.02827 0.0292439
4.02827 4.46635 0.0261771
4.46635 6.12345 0.019782
5.08122 6.12345 0.0259491
6.12345 12 0.00837936