0.2 12 0.0397753
0.230512 0.261531 0.0315356
0.261531 12 0.0196704
0.293158 12 0.103551
0.325709 12 0.0302533
0.359003 12 0.037578
0.392937 12 0.0424558
0.427451 12 0.0109678
0.462989 0.499497 0.107398
0.499497 12 0.0891542
0.536764 0.574952 0.0469355
0.574952 12 0.0303452
0.614438 0.654811 0.0632166
0.654811 12 0.0303251
0.696371 12 0.0781836
0.738647 0.782489 0.0203776
0.782489 12 0.0101981
0.827698 0.874177 0.103705
0.874177 12 0.00640158
0.922341 1.18865 0.149721
0.971909 1.02337 0.0113328
1.02337 1.18865 0.00711163
1.07647 1.18865 0.0225999
1.13149 1.18865 0.0409386
1.18865 12 0.116916
1.2481 1.30966 0.113417
1.30966 12 0.00715963
1.37412 1.44159 0.191076
1.44159 12 0.102174
1.51143 12 0.0325053
1.58531 1.83134 0.0390554
1.66263 1.74504 0.040049
1.74504 1.83134 0.0393542
1.83134 12 0.0160988
1.92298 2.02103 0.0963817
2.02103 4.02827 0.00902671
2.12618 2.36026 0.0809391
2.23879 2.36026 0.0520228
2.36026 2.63676 0.0707546
2.49244 2.63676 0.0816753
2.63676 2.79636 0.048433
2.79636 3.17859 0.040724
2.97572 3.17859 0.146537
3.17859 4.02827 0.0404343
3.41271 3.68974 0.0551786
3.68974 4.02827 0.0546216
4.02827 12 0.000842645
4.46635 5.08122 0.0717549
5.08122 12 0.00296894
6.12345 12 0.00673178