0.2 12 0.0311546
0.230667 12 0.0169556
0.262205 12 0.035488
0.294062 12 0.0107008
0.326818 12 0.0856029
0.360302 12 0.00490629
0.394334 12 0.00399997
0.42941 12 0.0137697
0.465046 12 0.0646791
0.501751 12 0.0349614
0.539204 12 0.0408345
0.577693 0.617034 0.0765158
0.617034 12 0.0101443
0.657628 0.699158 0.0402378
0.699158 12 0.0270152
0.742015 0.785914 0.125114
0.785914 0.831322 0.0862551
0.831322 12 0.0446109
0.87804 0.926212 0.153582
0.926212 12 0.124527
0.97608 1.02734 0.0603906
1.02734 12 0.0346775
1.08035 1.13581 0.0920708
1.13581 1.19276 0.0345906
1.19276 12 0.0223521
1.25239 1.31432 0.0513241
1.31432 1.5168 0.0466761
1.37884 1.5168 0.125837
1.44607 1.5168 0.00633499
1.5168 12 0.0357405
1.59114 1.93004 0.104877
1.66902 1.93004 0.0191051
1.75123 1.93004 0.0827844
1.83787 1.93004 0.10165
1.93004 6.10971 0.0317041
2.02753 2.24367 0.208108
2.13156 2.24367 0.0446125
2.24367 2.97872 0.142457
2.36556 2.49703 0.107091
2.49703 2.97872 0.00301118
2.6411 2.97872 0.0412546
2.80098 2.97872 0.0274981
2.97872 6.10971 0.0410562
3.1797 3.41402 0.215907
3.41402 4.46212 0.153369
3.68965 4.46212 0.105485
4.02721 4.46212 0.0262641
4.46212 5.07085 0.136539
5.07085 6.10971 0.103366
6.10971 12 0.00350914