0.2 14 0.0423515
0.250883 14 0.0893322
0.303679 14 0.0888096
0.35881 14 0.0857671
0.415742 14 0.0788358
0.475029 14 0.0692238
0.536718 14 0.0595373
0.601402 14 0.0510928
0.668584 14 0.0434135
0.739017 14 0.0368884
0.81342 14 0.0346908
0.891752 14 0.039409
0.9727 14 0.0473975
1.05926 14 0.0498768
1.15081 14 0.0413706
1.2481 14 0.0246533
1.35202 1.46511 0.00754183
1.46511 14 0.00630012
1.58511 14 0.00479078
1.71726 5.3668 0.0227513
1.86086 4.3088 0.0370571
2.02085 3.25217 0.0328646
2.19971 2.40226 0.013586
2.40226 2.63609 0.0103186
2.63609 2.91279 0.00326467
2.91279 3.25217 0.000156101
3.25217 3.68933 0.0301307
3.68933 4.3088 0.0178333
4.3088 5.3668 0.0268209
5.3668 14 0.00917419