0.2 12 0.0263064
0.230667 12 0.0458148
0.262205 12 0.0136212
0.294062 12 0.0273622
0.326818 0.360302 0.113112
0.360302 0.394334 0.064597
0.394334 12 0.0578339
0.42941 12 0.00850842
0.465046 12 0.134095
0.501751 12 0.0199569
0.539204 0.577693 0.0717763
0.577693 12 0.0569255
0.617034 12 0.0336297
0.657628 12 0.0111314
0.699158 0.742015 0.0363871
0.742015 0.831322 0.025258
0.785914 0.831322 0.121484
0.831322 12 0.0101875
0.87804 0.926212 0.20421
0.926212 1.13581 0.203724
0.97608 1.02734 0.00367616
1.02734 1.13581 0.00107095
1.08035 1.13581 0.0369505
1.13581 12 0.171216
1.19276 12 0.00734591
1.25239 12 0.0918635
1.31432 1.44607 0.00439984
1.37884 1.44607 0.0433574
1.44607 12 0.000986717
1.5168 1.75123 0.0555919
1.59114 1.75123 0.0182535
1.66902 1.75123 0.00667266
1.75123 5.07085 0.0377771
1.83787 1.93004 0.12267
1.93004 5.07085 0.0103599
2.02753 2.13156 0.10321
2.13156 2.24367 0.0667026
2.24367 2.49703 0.0571179
2.36556 2.49703 0.0645768
2.49703 4.46212 0.0473954
2.6411 2.80098 0.146315
2.80098 2.97872 0.0930748
2.97872 3.1797 0.0305794
3.1797 4.46212 0.0115249
3.41402 3.68965 0.0367334
3.68965 4.46212 0.0128784
4.02721 4.46212 0.163279
4.46212 5.07085 0.0256982
5.07085 12 0.00248308
6.10971 12 0.0500325