0.2 12 0.0291143
0.230667 12 0.0353245
0.262205 12 0.0415628
0.294062 12 0.0505181
0.326818 12 0.0392372
0.360302 0.394334 0.00692239
0.394334 12 0.00520021
0.42941 12 0.0346026
0.465046 12 0.0735406
0.501751 12 0.0732406
0.539204 12 0.044939
0.577693 12 0.0217585
0.617034 12 0.0158811
0.657628 12 0.0204353
0.699158 12 0.0271244
0.742015 12 0.0304105
0.785914 12 0.0326866
0.831322 12 0.0429821
0.87804 12 0.0533759
0.926212 1.13581 0.0438862
0.97608 1.02734 0.0194491
1.02734 1.08035 0.0183018
1.08035 1.13581 0.00371337
1.13581 12 0.0341826
1.19276 12 0.0134319
1.25239 12 0.0429655
1.31432 12 0.0408663
1.37884 12 0.0174225
1.44607 12 0.00841309
1.5168 12 0.0162012
1.59114 5.07085 0.0169604
1.66902 5.07085 0.00975028
1.75123 5.07085 0.0103826
1.83787 5.07085 0.0155504
1.93004 5.07085 0.0143328
2.02753 4.46212 0.0092204
2.13156 3.1797 0.00463207
2.24367 3.1797 0.00310619
2.36556 3.1797 0.0127249
2.49703 2.97872 0.0301593
2.6411 2.80098 0.0277633
2.80098 2.97872 0.0201839
2.97872 3.1797 0.010328
3.1797 4.46212 0.00316627
3.41402 4.46212 0.0189573
3.68965 4.02721 0.0410445
4.02721 4.46212 0.0381232
4.46212 5.07085 0.00384031
5.07085 6.10971 0.0110354
6.10971 12 0.00599716