0.2 12 0.0233176
0.230667 12 0.0294762
0.262205 12 0.0250351
0.294062 12 0.0303521
0.326818 12 0.0446828
0.360302 12 0.0527963
0.394334 12 0.0468157
0.42941 12 0.0308054
0.465046 12 0.018051
0.501751 12 0.0225006
0.539204 12 0.0389174
0.577693 12 0.0476904
0.617034 12 0.0425185
0.657628 12 0.0314247
0.699158 12 0.0202782
0.742015 12 0.0145235
0.785914 12 0.0207521
0.831322 12 0.0309337
0.87804 12 0.0251615
0.926212 12 0.00569706
0.97608 12 0.00276843
1.02734 12 0.0307419
1.08035 12 0.0625852
1.13581 12 0.0611005
1.19276 12 0.0279687
1.25239 12 0.00735983
1.31432 12 0.023447
1.37884 1.5168 0.0390482
1.44607 1.5168 0.015845
1.5168 1.59114 0.0373724
1.59114 12 0.0268288
1.66902 6.10971 0.0229832
1.75123 1.83787 0.025415
1.83787 1.93004 0.0199513
1.93004 5.07085 0.0115368
2.02753 3.68965 0.0340063
2.13156 3.1797 0.0589914
2.24367 2.36556 0.0279521
2.36556 2.49703 0.0157317
2.49703 3.1797 0.00299324
2.6411 3.1797 0.00664138
2.80098 2.97872 0.00818498
2.97872 3.1797 6.17308e-05
3.1797 3.41402 0.0443666
3.41402 3.68965 0.0158166
3.68965 4.02721 0.0313825
4.02721 4.46212 0.0214861
4.46212 5.07085 0.0065306
5.07085 6.10971 0.00262146
6.10971 12 0.0218483