0.2 14 0.0383554
0.250848 14 0.0549341
0.304123 14 0.0589536
0.358957 14 0.0618724
0.415634 14 0.0603209
0.475382 14 0.0564148
0.537165 14 0.0539829
0.601506 14 0.0535805
0.668821 14 0.0523649
0.739426 14 0.0479618
0.813285 14 0.0418026
0.891022 14 0.0378295
0.973732 14 0.0373691
1.06009 14 0.0374345
1.15281 14 0.0358935
1.25012 14 0.0352578
1.35476 14 0.0380581
1.46724 14 0.0414628
1.58904 14 0.0411387
1.72146 14 0.0378385
1.86659 14 0.0335565
2.02645 14 0.0232595
2.20652 14 0.0013432
2.40878 14 -0.0213895
2.6423 14 -0.0207975
2.91865 14 0.00921761
3.25718 14 0.0360394
3.69813 14 0.0159443
4.31891 14 -0.0527858
5.37871 14 -0.1162