0.2 14 0.0372616
0.251078 14 0.0693987
0.303971 14 0.0693495
0.359056 14 0.0690837
0.415858 14 0.0684532
0.475201 14 0.0668663
0.536895 14 0.0631005
0.601363 14 0.0566999
0.668661 14 0.0493599
0.738855 14 0.0438902
0.812654 14 0.0416584
0.890423 14 0.0415284
0.972241 14 0.0414767
1.05883 14 0.0407706
1.15074 14 0.0395162
1.24858 14 0.0364306
1.35282 14 0.0299296
1.46545 14 0.0225486
1.58606 5.37127 0.0204474
1.71793 5.37127 0.0252831
1.86208 4.31315 0.0296806
2.02219 3.6942 0.0250522
2.2019 2.63872 0.0121332
2.40491 2.63872 8.08799e-05
2.63872 2.91628 0.00862915
2.91628 3.6942 0.0084764
3.25561 3.6942 0.000773457
3.6942 4.31315 0.0229837
4.31315 5.37127 0.0166608
5.37127 14 0.0051328