0.2 12 0.0213985
0.230667 0.262205 0.0848123
0.262205 12 0.057269
0.294062 0.360302 0.122415
0.326818 0.360302 0.0951528
0.360302 12 0.105768
0.394334 12 0.0444581
0.42941 12 0.0164904
0.465046 0.501751 0.134394
0.501751 12 0.115403
0.539204 12 0.0706844
0.577693 0.617034 0.0721283
0.617034 0.657628 0.0565301
0.657628 0.699158 0.0441351
0.699158 12 0.00816206
0.742015 12 0.0799355
0.785914 0.831322 0.106385
0.831322 12 0.00913486
0.87804 0.926212 0.105453
0.926212 12 0.0951528
0.97608 1.02734 0.0668419
1.02734 12 0.04883
1.08035 1.13581 0.107507
1.13581 1.44607 0.028589
1.19276 1.31432 0.0359121
1.25239 1.31432 0.0258975
1.31432 1.44607 0.0111836
1.37884 1.44607 0.0797546
1.44607 12 0.0198004
1.5168 1.59114 0.0877545
1.59114 6.10971 0.0414509
1.66902 1.75123 0.0900375
1.75123 6.10971 0.00300379
1.83787 1.93004 0.086054
1.93004 6.10971 0.0460504
2.02753 2.24367 0.0668972
2.13156 2.24367 0.10287
2.24367 2.97872 0.0260431
2.36556 2.49703 0.0741614
2.49703 2.97872 0.0293009
2.6411 2.97872 0.0533139
2.80098 2.97872 0.108349
2.97872 6.10971 0.00808986
3.1797 4.46212 0.0560278
3.41402 3.68965 0.0523552
3.68965 4.02721 0.0419595
4.02721 4.46212 0.0344309
4.46212 5.07085 0.0202503
5.07085 6.10971 0.0113376
6.10971 12 0.0150839