0.2 14 0.0321275
0.251525 14 0.0806528
0.304249 14 0.0691603
0.359467 14 0.0571188
0.416199 14 0.0559053
0.47538 14 0.0655657
0.536899 14 0.0743598
0.601152 14 0.071286
0.668576 14 0.0578309
0.738323 14 0.0452573
0.81181 14 0.0405241
0.889251 14 0.0388902
0.971423 14 0.0338686
1.05846 14 0.0293114
1.15038 14 0.0327975
1.24887 14 0.0402608
1.35315 14 0.0391829
1.46611 14 0.0273187
1.58714 14 0.0165593
1.71881 5.37448 0.0155939
1.8632 4.3182 0.0192823
2.02251 3.69962 0.0194486
2.20296 3.69962 0.0163823
2.40655 3.25954 0.0133426
2.64051 2.91868 0.0079727
2.91868 3.25954 0.00498925
3.25954 3.69962 0.00259792
3.69962 4.3182 0.0153367
4.3182 5.37448 0.0112965
5.37448 14 0.00584932