0.2 12 0.0236951
0.230667 12 0.0653061
0.262205 12 0.0721414
0.294062 12 0.0672841
0.326818 0.360302 0.0317566
0.360302 12 0.0249698
0.394334 12 0.00132303
0.42941 12 0.0442153
0.465046 12 0.0680452
0.501751 12 0.0641621
0.539204 12 0.0570637
0.577693 0.657628 0.041825
0.617034 0.657628 0.00735215
0.657628 12 0.0339383
0.699158 12 0.00623559
0.742015 12 0.0433914
0.785914 12 0.0480345
0.831322 12 0.0279437
0.87804 12 0.0215121
0.926212 12 0.0324909
0.97608 12 0.0407898
1.02734 12 0.0371203
1.08035 6.10971 0.0230767
1.13581 6.10971 0.00852044
1.19276 6.10971 0.00434667
1.25239 1.44607 0.00662835
1.31432 1.37884 0.00403712
1.37884 1.44607 0.00117183
1.44607 6.10971 0.00518311
1.5168 6.10971 0.00863656
1.59114 6.10971 0.0177992
1.66902 6.10971 0.0130841
1.75123 5.07085 0.00369552
1.83787 5.07085 0.0092666
1.93004 5.07085 0.0324002
2.02753 2.36556 0.0459673
2.13156 2.24367 0.0237666
2.24367 2.36556 0.0107855
2.36556 4.46212 0.0411132
2.49703 2.97872 0.0187291
2.6411 2.80098 0.0344861
2.80098 2.97872 0.0342477
2.97872 3.1797 0.0179903
3.1797 4.46212 0.00119154
3.41402 4.02721 0.018728
3.68965 4.02721 0.0153209
4.02721 4.46212 0.0178727
4.46212 5.07085 0.017523
5.07085 6.10971 0.000688554
6.10971 12 0.00385087