0.2 12 0.0226697
0.230667 0.262205 0.045559
0.262205 12 0.0454275
0.294062 12 0.0294303
0.326818 12 0.0502295
0.360302 12 0.0612881
0.394334 12 0.0244052
0.42941 0.465046 0.0612675
0.465046 12 0.0575572
0.501751 12 0.0119695
0.539204 12 0.0532657
0.577693 0.617034 0.0780579
0.617034 12 0.0452161
0.657628 0.699158 0.0947018
0.699158 12 0.0790185
0.742015 12 0.0248955
0.785914 0.831322 0.0229956
0.831322 12 0.0196957
0.87804 0.926212 0.0991609
0.926212 0.97608 0.0516877
0.97608 12 0.0447283
1.02734 12 0.0563157
1.08035 12 0.0221681
1.13581 1.19276 0.13024
1.19276 1.31432 0.11726
1.25239 1.31432 0.00676254
1.31432 12 0.0948264
1.37884 1.44607 0.139658
1.44607 1.59114 0.0993064
1.5168 1.59114 0.0118522
1.59114 12 0.0253942
1.66902 1.93004 0.0816055
1.75123 1.83787 0.0476645
1.83787 1.93004 0.0297393
1.93004 5.07085 0.0516082
2.02753 5.07085 0.0312942
2.13156 2.24367 0.148597
2.24367 2.36556 0.118827
2.36556 2.49703 0.116418
2.49703 3.41402 0.0491396
2.6411 2.80098 0.0878765
2.80098 2.97872 0.0596311
2.97872 3.41402 0.0271774
3.1797 3.41402 0.0451348
3.41402 4.02721 0.0295854
3.68965 4.02721 0.00818258
4.02721 5.07085 0.00493246
4.46212 5.07085 0.0664688
5.07085 12 0.0131466
6.10971 12 0.0606562