0.2 12 0.0400028
0.230512 12 0.0521044
0.261531 12 0.0501103
0.293158 12 0.0387594
0.325709 12 0.0247131
0.359003 12 0.0239854
0.392937 12 0.0366846
0.427451 12 0.0468796
0.462989 12 0.0489893
0.499497 12 0.0503331
0.536764 12 0.0460738
0.574952 12 0.026503
0.614438 12 0.00569901
0.654811 12 0.0074909
0.696371 12 0.0290953
0.738647 12 0.0453589
0.782489 12 0.0472895
0.827698 12 0.0464039
0.874177 12 0.0421533
0.922341 12 0.0292989
0.971909 1.13149 0.0178357
1.02337 1.07647 0.00984443
1.07647 1.13149 0.00690583
1.13149 12 0.0165657
1.18865 12 0.0108142
1.2481 6.12345 0.0324481
1.30966 6.12345 0.0262726
1.37412 6.12345 0.00728769
1.44159 6.12345 0.00830683
1.51143 5.08122 0.0250889
1.58531 5.08122 0.0322122
1.66263 1.83134 0.0225366
1.74504 1.83134 0.00417384
1.83134 4.46635 0.0185654
1.92298 4.46635 0.000236497
2.02103 4.46635 0.0194124
2.12618 4.02827 0.0223712
2.23879 3.41271 0.00771307
2.36026 3.41271 0.000735893
2.49244 3.17859 0.0111772
2.63676 2.97572 0.0181638
2.79636 2.97572 0.00469987
2.97572 3.17859 0.00874201
3.17859 3.41271 0.00326892
3.41271 3.68974 0.00541226
3.68974 4.02827 0.00358409
4.02827 4.46635 0.0109843
4.46635 5.08122 0.00925043
5.08122 6.12345 0.00577332
6.12345 12 0.0101849