0.2 12 0.0155169
0.230667 0.262205 0.0581319
0.262205 12 0.04679
0.294062 12 0.0318903
0.326818 0.360302 0.0707767
0.360302 12 0.0685894
0.394334 12 0.0181532
0.42941 12 0.0565596
0.465046 12 0.0415117
0.501751 12 0.0094314
0.539204 12 0.0301517
0.577693 0.617034 0.106767
0.617034 12 0.0271828
0.657628 0.699158 0.119055
0.699158 12 0.04305
0.742015 0.831322 0.0511355
0.785914 0.831322 0.0831194
0.831322 12 0.0310065
0.87804 0.926212 0.198498
0.926212 0.97608 0.164482
0.97608 12 0.131749
1.02734 12 0.0176634
1.08035 1.19276 0.0726848
1.13581 1.19276 0.0812292
1.19276 12 0.0677981
1.25239 1.31432 0.105464
1.31432 12 0.0210769
1.37884 1.44607 0.181689
1.44607 1.59114 0.0836384
1.5168 1.59114 0.0221183
1.59114 1.93004 0.0367418
1.66902 1.93004 0.0953054
1.75123 1.93004 0.01782
1.83787 1.93004 0.0610291
1.93004 12 0.0322459
2.02753 5.07085 0.0923249
2.13156 2.24367 0.156145
2.24367 2.49703 0.106364
2.36556 2.49703 0.0658943
2.49703 5.07085 0.0315549
2.6411 2.97872 0.125345
2.80098 2.97872 0.060409
2.97872 4.46212 0.0190717
3.1797 3.41402 0.0759776
3.41402 3.68965 0.0109947
3.68965 4.46212 0.00107811
4.02721 4.46212 0.0529193
4.46212 5.07085 0.0161478
5.07085 12 0.00429081
6.10971 12 0.0400008