0.3 0.336075 0.31243
0.336075 0.373088 0.482403
0.373088 0.411087 0.357497
0.411087 0.450128 0.427423
0.450128 0.490269 0.532873
0.490269 0.531573 0.506681
0.531573 0.57411 0.528697
0.57411 0.617956 0.616583
0.617956 0.663194 0.579977
0.663194 0.709915 0.701749
0.709915 0.758221 0.572035
0.758221 0.808221 0.81977
0.808221 0.86004 0.792556
0.86004 0.913814 0.638795
0.913814 0.969698 0.862652
0.969698 1.02786 0.744372
1.02786 1.0885 0.811732
1.0885 1.15184 0.813143
1.15184 1.21812 0.703783
1.21812 1.28764 0.909966
1.28764 1.36072 0.83486
1.36072 1.43776 0.763978
1.43776 1.5192 0.76222
1.5192 1.60557 0.733194
1.60557 1.69752 0.864654
1.69752 1.79582 0.824786
1.79582 1.9014 0.938811
1.9014 2.01544 0.895111
2.01544 2.1394 0.859381
2.1394 2.27518 0.731935
2.27518 2.42528 0.840345
2.42528 2.59307 0.84841
2.59307 2.78328 0.875596
2.78328 3.00286 0.812547
3.00286 3.26254 0.928401
3.26254 3.58033 1
3.58033 3.98996 0.925697
3.98996 4.56711 0.934017
4.56711 5.55295 0.918054
5.55295 14 0.762275