0.3 0.384152 0.957434
0.384152 0.472853 0.988417
0.472853 0.566625 0.994437
0.566625 0.666081 1
0.666081 0.771957 0.995401
0.771957 0.885137 0.99602
0.885137 1.00671 0.987825
1.00671 1.13801 0.987391
1.13801 1.28073 0.987352
1.28073 1.43707 0.982385
1.43707 1.60988 0.983487
1.60988 1.80305 0.986637
1.80305 2.02204 0.981141
2.02204 2.27481 0.983861
2.27481 2.57374 0.987399
2.57374 2.93953 0.985226
2.93953 3.41097 0.992335
3.41097 4.07505 0.991129
4.07505 5.20863 0.993879
5.20863 14 0.991141
14	20 0.991141
