0.0     0.105600001   0.0000000001
0.1056 10 0.00465888
0.1556 10 0.0290545
0.2056 10 0.047852
0.2556 10 0.0592347
0.3056 10 0.0650262
0.3556 10 0.0673626
0.4056 10 0.0579597
0.4456 10 0.0493451
0.4856 10 0.0462296
0.5256 10 0.0432419
0.5656 10 0.0404756
0.6056 10 0.0361838
0.6456 10 0.0339168
0.6856 10 0.0308593
0.7256 10 0.027643
0.7656 10 0.0264121
0.8056 10 0.0259381
0.8556 10 0.0248884
0.9056 10 0.0220697
0.9556 10 0.0213159
1.0056 10 0.01889
1.0556 10 0.0151316
1.1056 10 0.0160848
1.1556 10 0.0133315
1.2056 10 0.0184797
1.3056 10 0.0199567
1.4056 10 0.0168334
1.5056 10 0.013026
1.6056 10 0.0172589
1.8056 10 0.0141285
1.9056 10 0.0106905
2.1056 10 0.0122063
2.3056 10 0.00789356
2.5056 10 0.00717771
2.7056 10 0.00899565
3.1056 10 0.00832087
3.6056 10 0.00813407
4.1056 10 0.00421065
5.1056 10 0.0095818