0 10 0.000307755
0.05 10 0.0103377
0.1 10 0.0419144
0.15 10 0.087634
0.2 10 0.127237
0.25 10 0.14339
0.3 10 0.120595
0.34 10 0.0913353
0.38 10 0.0757307
0.42 10 0.0595998
0.46 10 0.0474795
0.5 10 0.0369549
0.54 10 0.0290376
0.58 10 0.0222705
0.62 10 0.0178606
0.66 10 0.0150675
0.7 10 0.0133629
0.75 10 0.0100923
0.8 10 0.00729311
0.85 10 0.00748134
0.9 10 0.00578892
0.95 10 0.00265682
1 10 0.00475913
1.05 10 0.00301349
1.1 10 0.003932
1.2 10 0.00351429
1.3 10 0.00239539
1.4 10 0.00074017
1.5 10 0.00175041
1.7 10 0.00165266
1.8 10 0.000487387
2 10 0.00169677
2.2 10 -0.000666201
2.4 10 0.000682175
2.6 10 0.000747561
3 10 0.000155807
3.5 10 0.00171149
4 10 -0.00182748
5 10 -6.02007e-05