0.000 14 0.0000001
0.127 14 0.00358596
0.177 14 0.0233426
0.227 14 0.0393695
0.277 14 0.0503635
0.327 14 0.0566494
0.377 14 0.0592914
0.427 14 0.0536397
0.467 14 0.0462092
0.507 14 0.0446782
0.547 14 0.0418698
0.587 14 0.040269
0.627 14 0.0361967
0.667 14 0.0356902
0.707 14 0.0310474
0.747 14 0.0282922
0.787 14 0.0274243
0.827 14 0.0278742
0.877 14 0.0271459
0.927 14 0.0257794
0.977 14 0.0239758
1.027 14 0.0196924
1.077 14 0.0188699
1.127 14 0.0159648
1.177 14 0.0155756
1.227 14 0.0201059
1.327 14 0.0235908
1.427 14 0.0181006
1.527 14 0.0241994
1.727 14 0.0239484
1.927 14 0.0187686
2.127 14 0.0784894
