0 10 0.000304618
0.05 10 0.0103556
0.1 10 0.0419047
0.15 10 0.0877385
0.2 10 0.127744
0.25 10 0.142668
0.3 10 0.120249
0.34 10 0.0914435
0.38 10 0.0760608
0.42 10 0.0597054
0.46 10 0.047613
0.5 10 0.0364447
0.54 10 0.0299241
0.58 10 0.0233045
0.62 10 0.0164002
0.66 10 0.01438
0.7 10 0.0126966
0.75 10 0.0102025
0.8 10 0.00928652
0.85 10 0.0081706
0.9 10 0.0049352
0.95 10 0.00432557
1 10 0.00230682
1.05 10 0.00329262
1.1 10 0.0033859
1.2 10 0.00373495
1.3 10 0.00243556
1.5 10 0.00440884
2 10 0.00286549
3 10 0.00171238