0.000 10 0.0000001
0.105 10 0.00470714
0.155 10 0.0292827
0.205 10 0.0480518
0.255 10 0.0593522
0.305 10 0.0653549
0.355 10 0.0665246
0.405 10 0.0581894
0.445 10 0.0490635
0.485 10 0.0466705
0.525 10 0.0425925
0.565 10 0.0404625
0.605 10 0.0360747
0.645 10 0.0348413
0.685 10 0.0300783
0.725 10 0.0267295
0.765 10 0.0258898
0.805 10 0.0260569
0.855 10 0.025171
0.905 10 0.0235725
0.955 10 0.0221016
1.005 10 0.0175549
1.055 10 0.0167587
1.105 10 0.0143212
1.155 10 0.0136503
1.205 10 0.018009
1.305 10 0.0205188
1.405 10 0.0230149
1.605 10 0.0384406
2.105 10 0.039044
3.105 10 0.0217781
4.105 10 0.016142