0.000 14 0.0000001
0.127 14 0.00388456
0.177 14 0.0252102
0.227 14 0.0423986
0.277 14 0.0541332
0.327 14 0.0609053
0.377 14 0.0644056
0.427 14 0.0567281
0.467 14 0.0500716
0.507 14 0.0473931
0.547 14 0.0454174
0.587 14 0.0416271
0.627 14 0.040067
0.667 14 0.0362366
0.707 14 0.0338568
0.747 14 0.0313894
0.787 14 0.0280024
0.827 14 0.0283312
0.877 14 0.0300509
0.927 14 0.0263433
0.977 14 0.0227495
1.027 14 0.0213756
1.077 14 0.0202019
1.127 14 0.0172762
1.177 14 0.0153574
1.2261 14 0.0198429
1.327 12.8979 0.0235061
1.427 11.7686 0.0189997
1.527 10.5044 0.0228537
1.727 9.16805 0.021587
1.927 7.97643 0.0154772
2.127 6.41892 0.0245554
3.127 4.95946 0.00976503