0 0.1 0.0000000001
0.1 10 0.00371644
0.15 10 0.0210229
0.2 10 0.0409363
0.25 10 0.0462059
0.3 10 0.0601287
0.34 10 0.0437652
0.38 10 0.0461504
0.42 10 0.0600732
0.46 10 0.0392722
0.5 10 0.0501997
0.54 10 0.0259041
0.58 10 0.0423785
0.62 10 0.0309519
0.66 10 0.0423231
0.7 10 0.0144774
0.75 10 0.0281784
0.8 10 0.0385512
0.85 10 0.0201908
0.9 10 0.024351
0.95 10 0.0189705
1 10 0.00965166
1.05 10 0.0238518
1.1 10 0.0148103
1.2 10 0.0291213
1.3 10 0.0343355
1.4 10 0.00876415
1.5 10 0.0223541
1.7 10 0.0178611
1.8 10 0.0245174
2 10 0.0148658
2.2 10 0.0109829
2.4 10 0.00471491
2.6 10 0.0266807
3 10 0.0229643
3.5 10 0.00293988
4 10 0.0275127
5 10 0.00632352
5.5 10 -0.00338364
6 10 -0.0132017
6.5 10 -0.0114267
7 10 -0.00266254
7.5 10 -0.0303972
8 10 -0.0219658
8.5 10 -0.0134236
9 10 -0.01714
9.5 10 -0.0337253
